Step	Training Loss
10	3.120400
20	2.849500
30	2.079400
40	1.549500
50	0.941200
60	0.613700
70	0.565500
80	0.532000
90	0.472600
100	0.473700
110	0.454500
120	0.431100
130	0.420600
140	0.447400
150	0.439200
160	0.438100
170	0.425400
180	0.427300
190	0.426200
200	0.405000
210	0.417900
220	0.389400
230	0.397200
240	0.417700
250	0.414100
260	0.384800
270	0.417000
280	0.407100
290	0.405600
300	0.384700
310	0.404800
320	0.390000
330	0.408500
340	0.387900
350	0.383600
360	0.368600
370	0.378700
380	0.368000
390	0.372000
400	0.392800
410	0.377200
420	0.387400
430	0.375100
440	0.365000
450	0.367200
460	0.376400
470	0.353800
480	0.372400
490	0.366000
500	0.368000
510	0.363400
520	0.354600
530	0.341500
540	0.347800
550	0.350400
560	0.345800
570	0.353100
580	0.331800
590	0.344200
600	0.335400
610	0.348400
620	0.330700
630	0.365800
640	0.352400
650	0.354200
660	0.353800
670	0.318900
680	0.335900
690	0.346300
700	0.332500
710	0.335900
720	0.330300
730	0.300900
740	0.323900
750	0.317800
760	0.347000
770	0.315300
780	0.318400
790	0.303000
800	0.328900
810	0.335300
820	0.320900
830	0.315000
840	0.321700
850	0.278500
860	0.305700
870	0.299100
880	0.299700
890	0.315100
900	0.327700
910	0.331000
920	0.311000
930	0.305000
940	0.321900
950	0.291200
960	0.310600
970	0.287400
980	0.291600
990	0.293700
1000	0.294600
1010	0.294600
1020	0.284100
1030	0.273100
1040	0.285600
1050	0.290000
1060	0.284400
1070	0.284000
1080	0.296800
1090	0.291900
1100	0.273000
1110	0.279100
1120	0.266300
1130	0.287100
1140	0.295100
1150	0.265100
1160	0.278800
1170	0.291400
1180	0.278100
1190	0.248700
1200	0.223700
1210	0.217600
1220	0.258700
1230	0.231700
1240	0.224000
1250	0.227800
1260	0.228100
1270	0.213700
1280	0.225800
1290	0.220800
1300	0.233200
1310	0.220800
1320	0.206800
1330	0.234700
1340	0.233800
1350	0.215900
1360	0.201200
1370	0.221500
1380	0.219200
1390	0.225100
1400	0.215500
1410	0.232100
1420	0.205700
1430	0.230300
1440	0.221500
1450	0.231400
1460	0.189700
1470	0.217600
1480	0.188600
1490	0.184800
1500	0.222800
1510	0.199800
1520	0.210200
1530	0.201400
1540	0.206900
1550	0.197600
1560	0.200300
1570	0.248300
1580	0.217100
1590	0.215000
1600	0.223100
1610	0.190500
1620	0.210200
1630	0.187100
1640	0.177900
1650	0.211100
1660	0.196200
1670	0.205900
1680	0.220400
1690	0.202600
1700	0.169800
1710	0.207000
1720	0.207700
1730	0.205100
1740	0.196900
1750	0.219500
1760	0.191000
1770	0.191200
1780	0.198800
1790	0.191100
1800	0.197600
1810	0.199200
1820	0.181000
1830	0.208200
1840	0.171500
1850	0.199500
1860	0.180600
1870	0.204000
1880	0.170800
1890	0.188400
1900	0.179400
1910	0.201500
1920	0.182900
1930	0.193700
1940	0.174900
1950	0.198300
1960	0.196600
1970	0.175600
1980	0.154300
1990	0.181800
2000	0.162600
2010	0.184500
2020	0.181100
2030	0.190400
2040	0.172900
2050	0.162900
2060	0.178400
2070	0.177300
2080	0.208600
2090	0.172200
2100	0.181100
2110	0.162300
2120	0.163100
2130	0.181500
2140	0.172100
2150	0.169200
2160	0.161100
2170	0.182100
2180	0.166000
2190	0.154500
2200	0.171700
2210	0.168300
2220	0.145800
2230	0.160000
2240	0.155000
2250	0.181900
2260	0.164700
2270	0.157100
2280	0.159800
2290	0.158900
2300	0.159100
2310	0.160800
2320	0.164000
2330	0.178000
2340	0.162100
2350	0.156800
2360	0.164200
2370	0.119700
2380	0.119000
2390	0.125600
2400	0.124000
2410	0.127600
2420	0.109900
2430	0.130800
2440	0.127200
2450	0.127400
2460	0.113600
2470	0.134300
2480	0.137800
2490	0.129300
2500	0.125800
2510	0.119400
2520	0.122900
2530	0.113300
2540	0.111700
2550	0.124700
2560	0.132500
2570	0.118700
2580	0.121700
2590	0.118200
2600	0.130500
2610	0.121600
2620	0.127300
2630	0.105900
2640	0.128600
2650	0.116800
2660	0.118500
2670	0.115100
2680	0.098800
2690	0.103500
2700	0.120100
2710	0.125700
2720	0.121300
2730	0.111500
2740	0.116600
2750	0.110900
2760	0.110900
2770	0.119100
2780	0.126000
2790	0.117900
2800	0.110300
2810	0.112600
2820	0.117500
2830	0.122200
2840	0.111900
2850	0.122000
2860	0.115500
2870	0.121900
2880	0.125800
2890	0.111300
2900	0.104800
2910	0.111700
2920	0.118400
2930	0.120100
2940	0.107900
2950	0.121200
2960	0.107700
2970	0.101100
2980	0.104500
2990	0.115700
3000	0.128400
3010	0.117600
3020	0.117500
3030	0.100800
3040	0.107500
3050	0.110600
3060	0.106600
3070	0.097600
3080	0.108500
3090	0.102900
3100	0.123000
3110	0.111100
3120	0.107100
3130	0.109400
3140	0.114500
3150	0.120500
3160	0.135700
3170	0.115200
3180	0.121800
3190	0.122700
3200	0.109900
3210	0.117500
3220	0.103300
3230	0.113200
3240	0.108900
3250	0.105700
3260	0.107600
3270	0.119600
3280	0.113200
3290	0.104400
3300	0.099400
3310	0.114300
3320	0.113400
3330	0.111500
3340	0.127700
3350	0.108600
3360	0.122400
3370	0.111600
3380	0.113300
3390	0.108000
3400	0.120500
3410	0.113600
3420	0.106100
3430	0.108300
3440	0.101500
3450	0.130700
3460	0.109500
3470	0.122300
3480	0.109500
3490	0.120500
3500	0.133300
3510	0.117400
3520	0.105900
3530	0.140400
3540	0.125000

TrainOutput(global_step=3546, training_loss=0.24609111603275907, metrics={'train_runtime': 5391.3661, 'train_samples_per_second': 5.26, 'train_steps_per_second': 0.658, 'total_flos': 6.146453624238182e+17, 'train_loss': 0.24609111603275907, 'epoch': 3.0})